100
460890
798447
125199
8064
721451
325540
21750
53979
472044
244805
308791
525047
395250
438638
819073
402970
999219
370382
222476
273550
386051
838611
903331
224231
785068
272837
61457
550944
838563
519087
247084
277028
924525
187255
925497
792744
124238
929551
3066
423989
433001
216004
506459
33987
661561
123124
80117
401409
492906
920861
633468
442162
383189
856208
464588
791409
274519
130627
693131
56725
282061
215686
673530
789487
170029
384654
950686
704752
846276
56941
747397
321320
635976
999331
109623
110505
71449
474702
415035
646474
641817
55356
410050
468615
212452
970401
824436
55622
585646
623780
264214
340148
76984
900372
157397
7438
527343
357816
795634
66172
